   22.5232937706246937088094019260407861         46.7537234978180154452998675455699409      
   28.3775719345761206604073620231199991         46.7537234978180154452998675455699409      
   35.7535002252784329183143246187243719         46.7537234978180154452998675455699409      
   43.0855109925710788463172074930769952         46.7537234978180154452998675455699409      
   46.8503390141221496074889290602766737         46.7537234978180154452998675455699409      
   50.0913569199132064021241473954342319         46.7537234978180154452998675455699409      
   52.9598019245946966496610353343419941         46.7537234978180154452998675455699409      
   55.5472190508068813255213068101412633         46.7537234978180154452998675455699409      
   57.9137306333945860139341384620578997         46.7537234978180154452998675455699409      
   60.1011942321836430153673402953079816         46.7537234978180154452998675455699409      
   62.1400597155107588962645289333802747         46.7537234978180154452998675455699409      
   64.0532514317760260595288313557865455         46.7537234978180154452998675455699409      
   65.8585105082859526725821098261649340         46.7537234978180154452998675455699409      
   67.5698813118740811264282057781223459         46.7537234978180154452998675455699409      
   69.1986944213554773111151224695232418         46.7537234978180154452998675455699409      
   70.7542392791679983902449562606715113         46.7537234978180154452998675455699409      
   72.2442379938598493698311204525951048         46.7537234978180154452998675455699409      
   73.6751874475709650958849821323999390         46.7537234978180154452998675455699409      
   75.0526116735167813358994931987404824         46.7537234978180154452998675455699409      
   76.3812515693121607049681117898385113         46.7537234978180154452998675455699409      
   77.1450640850052829904195860432307469         24.8831448743855929501996960430320409      
   81.9919290352902693157299243999315061         25.2679631027568700499775016657150461      
   87.1433124939844961982803891099899361         25.6586791170413411186890727233383071      
   92.6183467296605254291850149735562721         26.0553836467583301990189851892896497      
   98.4373660517870363902495062958414187         26.4581696930782534130861774807014503      
   104.621982332474219664109153711358902         26.8671326362450530213106807412587452      
   111.195165273094362261242429753542835         27.2823703540493570115605270312117813      
   118.181327713888327105621095206874184         27.7039833521037698661427365342652969      
   125.606416303398308799169451279853438         28.1320749066484327393304579247550111      
   133.498007864473674112647687055428902         28.5667512205845361413741857614603395      
   141.885411814753801712299896234974118         29.0081215932311048898583332631900860      
   150.799779022018198944413161299996785         29.4562986054947653611343212889168676      
   160.274217498693308549893709188077673         29.9113983181079195780532386348042285      
   170.343915365206086496724042265113855         30.3735404877135944676113890980865662      
   181.046271538870971931777899831308973         30.8428487977280491035717412590201271      
   192.421034633689546873157620143330750         31.3194511059701987154290437206073743      
   204.510450586937561460310178055447535         31.8034797091150711514068634524914443      
   217.359419560825340366298632086622794         32.2950716242725624366223322907678165      
   231.015662701965263262038080406055105         32.7943688879439543871931518164196288      
   245.529899377991965882821231652925654         33.3015188725656977075864131367492865      
   260.956035549593115295062170333193521         33.8166746208142569220044914964448490      
   277.351363977565593562538968431833737         34.3399951978199887281165205037768547      
   294.776777008467278236586935336006162         34.8716460511826319769277538541986346      
   313.296992729151586388731211392687465         35.4117994628513828888077691002953343      
   332.980795330124058400289553050612657         35.9606347953229575668314840165782637      
   353.901290570431906649272375744522846         36.5183391267770230294319243725745492      
   376.136177292884636806062012300795760         37.0851075494575434041387651999807709      
   399.768035998014873793000705895340282         37.6611436786025264023284612579159341      
   424.884635548544786275434234093671837         38.2466601325098271359480878427021194      
   451.579259143460308363288352678231293         38.8418790469300970214056367397976745      
   479.951050772362794303436132727518836         39.4470325300674516308669185020749288      
   510.105383436831613217779253293412392         40.0623633554333194072357256966166349      
   542.154250506373998057010251491530514         40.6881253090211856816522290847692838      
   576.216681662460456558260167846386911         41.3245840023637941434655540838164031      
   612.419184975464346907735179796997431         41.9720173502705576798447044044483102      
   650.896216756381981131347735036194195         42.6307161899695050764095945718498298      
   691.790680928365318061988885775701479         43.3009850284101954132876940624960654      
   735.254459772736065935802563273296206         43.9831426806518438877748189299998377      
   781.448978020675023818728783507734518         44.6775229998424712134085010690483704      
   830.545802385626525730470193627998332         45.3844756286500619646186551022955664      
   882.727278763084876419677652291910558         46.1043667847321473601781666117217271      
   938.187209464326546799669764204343794         46.8375800827334626572849320839513057      
   997.131572999338207912977258661525221         47.5845173955484958786756244547035928      
   1059.77928908221864679161385962040615         48.3455997578341654227280425051546012      
   1126.36303170028914251115728838268267         49.1212683150072633582449028545111418      
   1197.13009326665577766260546714069683         49.9119853212163988706303189477137846      
   1272.34330306569140248341758669895168         50.7182351900454400643913967038177435      
   1352.28200340254919295289186497780654         51.5405256019900316863258877259166146      
   1437.24308708213285810548575121474096         52.3793886730531059886782540586746896      
   1527.54210007072651581907645149433960         53.2353821891294874594562771514856614      
   1623.51441343557603909629914199463458         54.1090909111927417242812752559483336      
   1725.51646891501239554413474138478800         55.0011279566586695665896532557757444      
   1833.92710274517177033723245767513040         55.9121362482724583221591889977046755      
   1949.14895266001272532801003039025078         56.8427901271042292521768776643868213      
   2071.60995329023676310423425062749111         57.7937968993339389350050257225010973      
   2201.76492551503271383125537996018267         58.7658986553959857323025869030619518      
   2340.09726566950670496740594014953820         59.7598741076221690447006186195239520      
   2487.12074088152407961208778117306296         60.7765405644247203571724701185703738      
   2643.38139720585489167131882857240113         61.8167560303340841544904129298176614      
   2809.45958764244445731627149689299396         62.8814214410858674922462139693150675      
   2985.97212757088079030711144333771544         63.9714830436020783577497701143087158      
   3173.57458560635525607824016483652047         65.0879349313931226254351734117532394      
   3372.96371838536900464535162627924967         66.2318217467011765792858566833681762      
   3584.88005832399366778858185785131327         67.4042415614577547021783913163249731      
   3810.11066395963577545168701785359095         68.6063489500184398754885958533779105      
   4049.49204309109043878885421629504092         69.8393582675939063986964312350526540      
   4303.91325957344371360019610725659095         71.1045471689221974252425272468321873      
   4574.31923530647824995186434824527578         72.4032602481956645996264297631254353      
   4861.71425968018665714652041964182538         73.7369132120330335502366252707656470      
   5167.16571951149393581776773712058752         75.1069969694061473075958017072297855      
   5491.80806332519598088663935832224528         76.5150822590904658086505687246206299      
   5836.84701470247696086448554058995682         77.9628245065811089151223364257878275      
   6203.56405034540683709973286610548236         79.4519690272160155613380122735878590      
   6593.32115948897699933963037151072068         80.9843565751266853930241461183291450      
   7007.56590233715841124675951255225380         82.5619293316624643863789243671964576      
   7447.83678631004364415536660667939265         84.1867371951972009132784306696970313      
   7915.76898006948641885083247566762106         85.8609446573739875075398966371456898      
   8413.10038654516360869899120853392840         87.5868380511458176535818397544251319      
   8941.67809751631434553830822588487084         89.3668333512756989633902332439650642      
   9503.46525372151090670889900433386102         91.2034845153102308951646683469899779      
   10100.5483359749495653299759197551161         93.0994924111493934376246715398584888      
   10735.1449143685103451746582400525447         95.0577143234599513171969907677750786      
   11409.6118843401678711367564002357181         97.0811743549242208110043486810526132      
   12126.4542201975600080697572079676968         99.1730741580998992647284416686403072      
   12888.3342786073524911767950994582684         101.336804804909686631058142471082721      
   13698.0816866036139637154738976228152         103.575959306714061902536485768807168      
   14558.7038508393228926632197757746289         105.894346064457124493426109904012781      
   15473.3971271124284917834014195263789         108.296003290576660440404055309397960      
   16445.5586916501513725057696243999832         110.785214288956467093964473712829578      
   17478.7991582415438876386494963240551         113.366524271283628671694100592539379      
   18576.9559880784149719335815484393641         116.044757662799837302622681467362127      
   19744.1077421088478283687375916546291         118.825037226503396171296085145545230      
   20984.5892288366355519292111288327800         121.712804253806560716738268499396060      
   22303.0076038256512074134330894867334         124.713840221948997976254439436938532      
   23704.2594807028066219675123601607856         127.834289969321633539216842090839820      
   25193.5491172099658820889413176136856         131.080686482225701990404571715111601      
   26776.4077438479176882841622920859327         134.459977402930426785679896673159096      
   28458.7141068991043715178473599745466         137.979553371712376371722339367106713      
   30246.7163021260152459236199604112798         141.647278295360992586047762608008945      
   32147.0549802357290080370836392380213         145.471521838538548751169369684020924      
   34166.7880102958374674683034144366439         149.461193748546301957859371579129036      
   36313.4166927018229300172501498230110         153.625781023305899420691445800782432      
   38594.9136190510047996082641503980436         157.975387228667886207376555360863615      
   41019.7522823947916846618169593424337         162.520774473116284460956188661204933      
   43596.9385478418906530894743859663480         167.273408328763333458210911194231151      
   46336.0441003944797160055365382838882         172.245505680501725677805572707936673      
   49247.2419942428045166550254911746103         177.450085552194790340907330534508921      
   52341.3444355484891927938298775755265         182.901023445324546470617065354384095      
   55629.8429390420416487676191855753717         188.613109092416147340006666153487810      
   59124.9510075763934034408600377622806         194.602107882605766317561749958375037      
   62839.6494931485877847457254594297710         200.884826425781313464189799119314238      
   66787.7348078607187724301717018115340         207.479181827981410283639968108878493      
   70983.8701638759139897731208339247673         214.404275769564945357317084761394920      
   75443.6400326748608181943696148974902         221.680472918426548721926209568700555      
   80183.6080258748758283482799172316874         229.329484294208167420982787819143895      
   85221.3784125812212035587240806217724         237.374455718784634324139959904794237      
   90575.6615017464740620708203175474065         245.840061690548631535642506867623619      
   96266.3431323684173069694223624178101         254.752604947592908953169971569369743      
   102314.558529613457148827012390468760         264.140122040064241712662009033715315      
   108742.770801167645622870263534115482         274.032495253165021243312770383285036      
   115574.854365351219137185849334208540         284.461571233118121071017161711269228      
   122836.183620849162897650405061293033         295.461286677251348885812852042516527      
   130553.727187377703914961159598612940         307.067801544168025610153075444614601      
   138756.148067297124221353354173608513         319.319640195905582937236797394574654      
   147473.910100171715507304580583598515         332.257840768046348979316104329520980      
   156739.391105649739217017289596444904         345.926113734554534362763232117488668      
   166587.003134876716120761660749731903         360.371009555137863622959265264101681      
   177053.320277056504127240176688247084         375.642096555240087390677075025852188      
   188177.214495834486580283299484166652         391.792149310251906964362583063737093      
   199999.999999999999999999999999999823         408.877348338940019017630270239565179      


